000110101111001101 0001
101010010000111101 0001
010000110011001101 1111
101001010000110101 0110
010101011111000101 0101
011100001100111101 1000
000101111100000101 0111
011000001001110101 0111
101001000111000101 0111
100001100000111101 1110
110000010011000101 0110
000110110110001101 0000
100101000011000101 0000
011011011111000101 1001
101111110000111101 0111
000010011100000101 1001
110010111111001101 0111
100000001111001101 1000
010100100000110101 0010
010110101111000101 1010
110100100000110101 0100
000111101111000101 1110
110101111100111101 1111
001000000011111101 1000
100000111111000101 0101
101000110000111101 1101
111011101111000101 1100
110110011100000101 1110
110011010000111101 0011
110101101100110101 0010
110111100000110101 1010
000111001111001101 0110
000110100011000101 1010
001010101111000101 1100
011000110011001101 1011
010111011111001101 0111
111011011111001101 0101
100111111011001101 0000
010001100011001101 1001
100101001100111101 1100
100011010011001101 0011
010101011111001101 1011
111101001100001101 1000
010100010011000101 0001
101010001001110101 1011
001000101100001101 1010
100011100011000101 1010
010100111100000101 0011
011000011100110101 0110
001001000000111101 1100
001011101111001101 0001
000101110011000101 0111
010010100000111101 0001
001011011111001101 0011
101101110011001101 1011
101101110011001101 1011
110000011100001101 1001
100000101111000101 0100
110001101111001101 1110
000001011111001101 1011
111111101100111101 0110
000111101100000101 1110
100111001111001101 0010
110010100011001101 0110
011001100000111101 1110
010011000000110101 1100
001101010000111101 1101
010111111011001101 0100
110001110000001101 1111
001100000011001101 1000
011101111111000101 0011
111011100000001001 0110
011111111011001101 0000
110110011100001101 0101
001101000011001101 1100
001000001100111101 1000
000100100011001101 1110
100010110000111101 0111
110001001100000101 0000
101000100011001101 1100
110001111111000101 0011
001111000000110101 1000
000000000000110101 0000
010110001111000101 1000
101001001001000101 0111
011100010011000101 0110
110100000111000101 0111
000011111000111101 0100
101000001001001101 1111
101111000011001101 0100
001111001111001101 0010
111010100000111101 0010
110000101111000101 0100
001000100000111101 1010
101110010000000101 1010
011010011111000101 1110
100001001100110101 0000
011010111100001101 0111
001000000100000101 0111
101011001100001101 0100